x = [0:pi/4:2*pi]

x =

         0    0.7854    1.5708    2.3562    3.1416    3.9270    4.7124    5.4978    6.2832

y = sin(x);
plot(x, y, 'r-');
hold
Current plot held
plot(x, y, 'bo');
hold
Current plot released
diary off
